S: 45.30524787535411
b: [ 0.          5.         16.48731292]
c: [6.54682968 2.95913991 0.79114078]
taper: [0.45199586 0.26735498]
sweep: [0.66322512 0.48869219]
A: 6.000000000000001
MAC: 3.6024081342528076

